camera_matrix:
- - 378.2456382128771
  - 0.0
  - 203.85656531463073
- - 0.0
  - 560.3582539616679
  - 346.7292018533347
- - 0.0
  - 0.0
  - 1.0
dist_coeff:
- - 0.2110328369392275
  - -0.9352157419097149
  - 0.001995632664664784
  - -0.00022137976609973932
  - 1.5407861271567989
