camera_matrix:
- - 378.24572884721493
  - 0.0
  - 203.85656373925232
- - 0.0
  - 560.3583695715602
  - 346.729093329582
- - 0.0
  - 0.0
  - 1.0
dist_coeff:
- - 0.21103292697626794
  - -0.9352173195789252
  - 0.0019956159197818944
  - -0.00022138314724459447
  - 1.5407904340978587
